import numpy 
from matplotlib import pyplot 

x =[ -6.17857962e-01   2.48075841e-01  -4.04684051e-01  -6.17919886e-01
   9.60861413e-01  -4.64062361e-02  -7.29886327e-01   1.36074465e-01
  -2.96648558e+00  -6.30546532e-01  -1.66754542e+00   3.38851385e-02
   2.75483836e-01  -1.54197991e+00  -3.96216305e-01  -8.69125571e-01
  -1.06626623e-01   6.41589456e-01  -5.00141663e-01  -5.50691576e-01
  -1.44451083e-01  -6.50400609e-02   5.96454669e-01  -8.12017301e-01
   7.90113296e-01  -7.53552226e-01  -4.63451112e-01  -4.62062975e-02
  -5.03421660e-01  -5.43350556e-01   1.24767955e+00   1.40634149e+00
  -5.56059671e-01  -8.96651447e-01  -1.21679119e+00   1.12809192e+00
  -2.14598235e+00  -4.40750136e-01  -1.81886102e+00  -4.66411301e-01
  -2.17388129e+00  -6.48475122e-01  -7.37158599e-01  -9.47245051e-01
  -1.41481622e-01   5.05251532e-01   2.20301062e-01   7.45100249e-01
   1.77402494e-01  -3.24999230e-01  -7.17934183e-01   1.49327307e+00
  -1.01446381e+00  -8.14509759e-01  -8.00776353e-01  -7.23442023e-01
  -5.95652907e-01   3.52714587e-01   1.89626600e+00  -1.28134761e+00
   1.01925134e-01  -4.34246546e-01   3.43455240e-01  -1.09753303e+00
  -3.68096128e-01   1.50949792e-01   2.14028562e-01  -4.11785479e-01
  -3.20966864e-01   4.72781765e-01  -9.11044007e-01   4.76178393e-02
  -5.69093227e-01  -7.21884449e-01   1.03121285e+00  -7.33418205e-01
  -2.71272539e+00   4.08960053e-01  -1.02010495e+00  -3.30218205e-01
  -8.26013483e-01  -8.51090307e-01  -3.34382469e-01   3.21815977e-01
  -2.56148332e-01   2.57883189e-01   1.29950275e+00  -1.19714616e-01
  -2.31969391e+00  -1.46830804e+00   5.41609710e-01   5.13622459e-01
   9.43927293e-01  -4.38783464e-01  -1.08037561e+00  -4.73813770e-01
  -1.37701624e+00  -3.26377357e-01  -7.77583323e-02  -3.93420884e-01
   1.98182194e-02  -2.31881203e+00   6.43301584e-02   1.32022918e-01
  -3.23910140e-01   1.28941337e+00   3.77917549e-01  -6.49282564e-01
  -2.32222876e-01  -8.29649155e-01  -4.73016779e-01   9.73430934e-01
   5.08778836e-01   5.84026755e-01  -9.09238699e-02   4.63656161e-02
  -5.27036628e-01   4.29714143e-01  -7.18015983e-01  -6.41665598e-01
   2.85677996e-01  -1.02605401e+00   1.11215389e-01   8.38395111e-01
   1.25264023e+00  -2.17908654e-01  -6.58955337e-01  -7.88266808e-01
   7.86592730e-01   4.73224468e-01  -3.08546148e-01  -1.34024644e+00
  -1.49681381e+00  -5.38592158e-01  -1.04059539e+00  -3.24341309e-01
  -1.83111000e+00   6.36778058e-01   5.34193558e-03  -4.38222410e-01
  -1.92858222e-01  -4.51114999e-01  -5.57957485e-03  -1.10403474e+00
   4.71888499e-01  -1.97199102e-01  -5.59132347e-01  -6.97735780e-01
   4.33130635e-02   1.27409102e-01  -1.72250393e+00  -9.60367546e-02
  -7.52953812e-01   1.51678128e+00   4.41767899e-01  -1.16749789e+00
  -1.16979055e+00  -3.30688832e-02   1.64651612e-01   1.29403592e-01
   5.25782225e-01  -7.25465795e-01   1.22854887e+00   1.65108744e+00
  -7.23036957e-02  -6.61236187e-01  -5.95894886e-01  -3.49053790e-01
  -6.90814432e-01  -4.01291375e-01  -1.34706480e+00   3.60447414e-02
   2.28872084e-01   2.81672184e-01  -1.42450674e+00   1.27114360e-01
  -1.40089087e-01   7.15762733e-02   1.33775457e+00   1.72813422e-01
  -4.49412499e-02   9.82334193e-02  -1.11025019e+00  -1.20345021e+00
  -4.16706876e-01  -8.83539306e-01   6.51522117e-01  -1.49790952e-01
  -1.52556944e+00   1.91807599e-01   7.62938368e-01   6.37367022e-01
   5.23148091e-01   1.64172041e+00  -2.16304761e-01   1.43487096e-01
  -1.70561086e+00   1.89451826e-01  -2.49907074e-01  -1.21196493e+00
   2.94269549e-01   6.18556747e-03   8.19335938e-01  -8.72736570e-02
  -2.23044245e+00  -1.96670674e+00  -3.04306897e-01  -6.97809328e-01
   4.18851023e-02  -2.23648069e+00   7.33951721e-01   9.09474958e-01
  -3.29648696e-01  -3.18160515e-01  -9.26681834e-02  -1.16949998e+00
  -3.72554170e-01  -1.27156529e+00   2.83366136e-01  -3.40791419e-01
   6.42102029e-01  -1.11770650e+00  -1.54008687e-01  -3.91375438e-01
  -1.25073423e+00  -5.71032267e-01   1.31578639e+00  -1.98356185e-01
  -1.07711095e+00  -5.34097661e-01  -5.09204310e-02   3.20986439e-01
   1.59413229e-01  -3.07712580e-01   7.45699310e-01  -1.32263824e+00
  -3.99677545e-01   5.16186004e-01   6.01084221e-01  -7.71238419e-02
  -2.88376614e-01   1.09329072e+00   9.71219671e-01   3.95156500e-01
   5.94648888e-01  -7.72474342e-01  -1.11350568e+00  -1.62612779e+00
  -2.82336540e-03   3.64680104e-01   6.29039388e-01   6.64203218e-01
  -1.12766550e+00  -1.75869494e-01   2.02082017e-01  -7.12271084e-01
  -7.19451940e-01  -4.32747197e-02  -1.10071268e+00  -1.26701496e+00
  -1.12247925e+00  -1.35153699e+00  -3.82778779e-01   1.71914805e-01
  -6.21815651e-01  -8.35580865e-01  -1.84467690e+00  -5.58702684e-01
  -1.45568623e-01  -1.33717513e+00  -1.35320509e-01  -1.47877815e+00
   1.43561893e+00  -2.14987567e+00   3.39722424e-01  -2.13831474e-01
   1.09295773e+00   9.04453668e-01   6.89780389e-01   1.05944227e+00
  -7.53542904e-01  -1.35553603e+00  -1.22772378e+00   3.02625102e-01
  -5.90857026e-01  -1.26471810e+00  -6.68473240e-01   1.48370704e+00
  -2.29411466e+00  -5.37218936e-01  -9.13739342e-01   4.27033959e-01
   6.02589104e-02  -7.21324643e-01  -8.56268602e-01  -6.03895664e-01
  -6.22403705e-01  -1.03629708e+00  -5.05095274e-01  -2.42002940e-01
  -3.59177056e-01   3.09047366e-01   2.71328860e-01  -1.63584169e+00
   9.57306917e-02   7.09218060e-01  -8.19827503e-01  -1.53070212e+00
  -5.22380470e-01  -5.27509601e-01   7.54119109e-02  -1.10774720e+00
  -1.48426918e+00  -8.46448495e-01   3.16978623e-01  -4.51165025e-01
  -2.68542383e-02  -1.97347080e-01  -1.14462660e+00  -4.73262410e-01
   8.12926819e-02  -4.15022737e-01   6.07832901e-01  -7.03218803e-01
   2.09401686e-01  -1.64128785e+00   2.90196154e-01  -1.24812179e+00
  -1.82766935e+00   4.99448416e-01  -1.04707417e+00  -2.58586627e-01
  -6.20823034e-01  -1.35715942e-01  -1.72628498e+00  -1.19746899e+00
  -2.64149145e-01  -8.12647858e-01   1.48880189e-01  -6.62692156e-01
  -3.29255853e-02  -1.20040969e+00   2.42334327e-01  -2.59260543e-01
  -2.88491458e-01  -5.82600851e-01   2.30769925e-01  -2.24146354e-02
   1.03663675e+00   3.15881559e-01  -9.21650757e-01   3.38370322e-02
   1.29029615e-01   1.19876382e+00   7.60493004e-02   7.16693801e-01
  -2.55798398e-01  -1.70092373e+00   4.75429715e-01  -9.45523114e-01
  -1.78235486e+00  -2.32885345e+00   7.93644860e-01  -1.39889005e+00
  -3.66269872e-02   9.30028714e-02  -4.13496064e-01  -2.34207898e-01
   1.54723292e+00   1.26936741e-01   3.82285876e-01  -7.22859621e-01
   1.45866675e-01  -1.35038506e+00  -1.72243135e+00  -5.81632496e-01
  -1.07096458e-01  -7.18591465e-01  -1.53992084e+00  -1.66522987e-02
   1.06524537e+00   1.45225230e-02  -5.50520886e-01   3.52541798e-02
   8.22943982e-01  -4.32145403e-01  -1.42516554e-01   2.26330379e-01]
y =[  7.53293699e-01   9.87955273e-01  -1.20921944e-01  -4.78839583e-03
   1.48410631e+00  -7.26127834e-01  -5.76113214e-01  -4.09061772e-01
  -1.04473067e+00  -9.77920893e-02  -9.59662081e-01   1.01130163e-01
  -6.89688764e-01   5.35376759e-01   3.18487945e-01  -7.32387421e-01
   3.95478389e-01  -5.52003906e-01  -7.22345095e-01   2.83078007e-01
  -3.36367159e-01   1.91347025e-01  -1.04133241e+00   6.24425459e-01
   1.01774916e-01  -4.11721644e-01   7.24025253e-01   6.63472441e-01
  -1.26233691e-01  -1.18203941e+00  -6.72969043e-01   1.75417620e-01
   1.51420369e+00  -1.15038063e+00  -4.40891493e-01  -4.89680340e-01
   4.21334743e-01  -4.96605208e-01  -4.74205594e-01   4.34694521e-01
  -2.16861259e-01   4.61965900e-01  -7.58593599e-02   6.39890885e-01
  -1.87059984e+00  -8.43430544e-01  -1.52374993e-01  -1.70156391e+00
  -1.64890392e+00   1.55714679e+00   6.03984944e-01  -1.01603602e+00
   6.26222668e-01  -7.06229502e-01  -3.84128277e-01  -2.04199482e-01
   3.29257029e-01  -3.86180858e-01  -1.40687755e-01   9.81577587e-01
  -1.52349156e+00  -1.73537689e-01   6.86141018e-01  -7.07539690e-01
   1.96437240e-01  -6.27082591e-01  -7.21671802e-01  -3.17596964e-01
  -5.94008788e-01  -3.26079732e-01  -9.70635136e-01  -5.54532421e-01
  -5.00564026e-01  -3.48576181e-01   1.49224063e-01   4.66802104e-01
   1.84487957e+00   1.74022528e-01   5.27997448e-01   3.36438880e-01
  -5.46405326e-01   3.69813611e-01   5.65422033e-01   5.19234012e-01
   1.30949956e+00   1.19016991e+00  -2.51028782e-01  -8.71787554e-01
   8.44342702e-02  -8.47521231e-01   8.38568685e-01   1.45743292e-01
   9.28444277e-03   1.04976744e+00   8.22061713e-01   2.88274317e-01
   8.72732461e-01   1.13942130e+00  -1.25016960e-01   8.65070387e-01
   4.51578640e-02  -3.63918379e-01  -8.82112009e-01  -6.25120489e-01
   3.93998793e-01  -5.60442244e-01   4.23332703e-01  -8.25428059e-01
   2.74998777e-01   2.09469077e-01  -4.98791799e-02  -1.03620884e+00
  -3.36215104e-01  -9.16573768e-01  -6.53224863e-01   8.49423688e-01
   3.78449742e-01  -6.10675495e-02   1.75608537e-01   2.11183818e-01
   4.62713373e-01   6.09687430e-01  -2.30740065e-01   4.53561657e-01
   7.35268966e-02  -8.02734241e-01   9.50789662e-01  -1.53524924e-01
  -6.69026550e-01  -2.03337800e-01  -1.04055009e+00   4.33405221e-01
  -6.06494122e-01  -1.60984786e+00  -5.99529589e-01   1.40503151e+00
  -1.62258637e+00  -9.01480418e-01  -1.02967950e+00  -2.37839783e-01
  -1.23897943e+00   4.97744220e-01   2.19642508e-01  -1.53156819e+00
   2.64060580e-01   1.08384295e-01   7.77592173e-01   7.44910985e-01
  -3.30782086e-01  -4.30043051e-01   3.97111275e-02  -1.65728093e+00
   6.42667867e-01  -1.09408478e-01  -7.52852410e-01  -4.46010154e-01
   4.01339114e-01  -4.72646234e-02   6.01221090e-01   1.52131980e+00
  -3.30687402e-01   1.78504819e-01   1.80347096e-01  -5.89351492e-01
   1.18229492e+00  -1.39656878e-01   1.20815028e+00  -4.14645652e-01
   4.94515659e-01   3.55790599e-01  -8.67988404e-01  -3.86762741e-01
  -1.23324064e+00   2.54387660e-01   1.36135006e+00  -9.24061512e-01
  -3.05771350e-01   1.25447776e+00  -8.78506427e-01  -6.40089385e-01
  -6.21375076e-01  -6.79337820e-01   6.20063620e-01   1.04983860e+00
   6.80657867e-01  -6.72073651e-01   4.49057084e-01   1.31158555e+00
  -6.22072319e-01  -1.85532921e+00  -5.53218986e-01  -1.18272263e+00
  -1.39536573e+00   1.08380238e-01   3.08849408e-01  -1.49002002e+00
   7.33764952e-01   8.73679942e-01  -8.49206806e-01   4.06582325e-01
   1.05294683e+00   7.16996785e-03  -3.99096947e-01  -3.79833194e-01
  -7.00079056e-01  -4.19871174e-01  -5.85696896e-01  -6.45143046e-02
  -1.04936437e+00  -5.74445941e-01   8.86760945e-01   3.00430833e-01
  -1.06505740e-01   6.64471451e-01   1.74126289e-03  -1.83758762e+00
  -1.41924967e+00   1.01387523e-01  -7.92090397e-01  -4.87437208e-02
   5.48987150e-01  -3.07689719e-01   1.35546688e-01  -8.69192237e-01
  -9.53973898e-01   1.12840099e-01  -5.82538721e-01  -1.94316216e+00
  -1.43809711e-01   1.76189142e-01  -6.51024583e-02  -2.03639171e-02
  -4.92597062e-01   1.35447936e+00  -6.34761771e-01   8.49997301e-01
  -1.15944424e-01  -4.09736978e-01  -3.00938921e-01  -1.87364539e+00
   5.39415891e-01  -9.68944333e-01   8.75914376e-01   2.39799479e-01
  -8.71825604e-01  -8.98002436e-01   1.35706124e+00  -1.28661990e+00
  -3.94640699e-01  -5.35593127e-01  -1.98434886e+00  -2.79679016e-01
  -1.96092593e-01  -5.58206161e-01  -3.85797212e-01  -9.31469607e-01
   3.14764300e-01   3.71393172e-01  -6.42678066e-02  -1.46075760e+00
  -3.03265130e-03  -5.31300792e-03   1.42135577e+00  -1.12021041e-02
  -1.44775783e+00  -8.26780780e-01  -9.68741571e-01  -1.20764529e+00
  -5.78473086e-01  -1.53457046e+00   8.65434466e-01   1.29192790e-01
  -6.76131948e-02  -1.80692278e+00   1.22718103e+00   1.86333257e+00
  -2.71174480e-01  -4.93253069e-01   1.24734556e+00   1.96163368e-01
  -1.27429056e-01  -5.29334398e-01  -2.50248897e-01   1.14628271e+00
   5.82800733e-01   1.49552968e-01   8.03491868e-01  -2.02519038e-01
  -7.59868906e-01  -8.39080114e-03   7.74224152e-01  -6.71330210e-01
   4.71664146e-01  -9.60949516e-01  -1.17260728e+00   5.47010399e-01
  -4.00951312e-01  -3.15291036e-02   4.72999614e-01  -5.29979165e-01
  -1.90528258e-01  -3.92623491e-01   2.00860820e-02  -1.90544065e-01
  -9.59837507e-01  -1.04768528e+00   1.05008172e-01   1.13678397e-01
  -1.64039287e+00   4.99931396e-02   1.05312828e-01  -5.26778876e-01
   7.21719929e-02   2.39406851e-01   3.63219572e-02  -4.25599337e-01
   1.34135955e-01  -1.61864866e+00   5.11874571e-01   2.83023071e-01
  -9.88370733e-02   7.80124345e-01   3.82099751e-01  -8.35351396e-01
  -5.14988117e-01   1.34815267e-01   4.85159157e-01   1.06215743e-02
  -5.58860536e-01  -4.07722453e-01  -6.86934958e-01  -2.81656498e-01
   2.12178415e-01   4.50077372e-01   7.02545801e-01  -8.71187720e-01
  -5.34815613e-01  -6.93742116e-01   1.01999425e+00   4.76415466e-01
  -4.67967558e-01   4.90421832e-01  -2.30475760e-01  -9.32021333e-01
  -2.97228269e-01   1.27709428e+00  -4.47107279e-01   1.05912766e+00
   2.91153611e-01   1.04475211e-01  -1.89662733e-01  -9.75956128e-01
   5.80614427e-01  -3.79614507e-02  -9.57606398e-02   3.52675476e-01
  -5.21535764e-01  -1.01729613e+00   1.52216327e+00   1.61116808e+00
   3.96574204e-01  -6.78465967e-01  -2.97018660e-01  -1.56318045e+00
   6.33528717e-04  -1.66685637e-01   1.35070051e-01   1.21926114e+00
   1.19635019e+00   2.10350137e-01  -8.89455080e-02  -1.39922743e+00
   5.07513661e-01   7.13078305e-01  -1.91605152e-01  -2.30954318e-01
   6.82865020e-01  -1.20005796e+00]

bins = numpy.linspace(-10, 10, 100)

pyplot.hist(x, bins, alpha=0.5, label='x')
pyplot.hist(y, bins, alpha=0.5, label='y')
pyplot.legend(loc='upper right')
pyplot.show()

